Id,SalePrice
1461,126817.18
1462,151859.0
1463,182658.17
1464,190137.82
1465,189776.21
1466,186099.7
1467,173810.65
1468,175707.6
1469,174767.7
1470,130340.75
1471,205385.02
1472,97208.0
1473,99935.21
1474,153873.2
1475,122718.36
1476,381916.81
1477,249657.03
1478,313566.48
1479,297031.93
1480,437454.97
1481,313332.89
1482,200980.97
1483,183800.23
1484,180704.16
1485,183690.08
1486,199299.9
1487,306300.05
1488,234169.69
1489,212170.09
1490,225838.88
1491,188786.0
1492,97233.86
1493,178895.55
1494,298181.02
1495,284990.34
1496,243989.24
1497,178811.26
1498,162257.04
1499,155145.79
1500,161176.54
1501,174625.03
1502,165570.74
1503,278307.2
1504,230468.88
1505,212229.97
1506,176100.59
1507,249814.69
1508,191157.14
1509,161807.5
1510,152087.5
1511,147828.59
1512,172979.0
1513,142750.16
1514,163685.32
1515,189027.75
1516,152613.9
1517,160708.65
1518,134308.6
1519,228149.11
1520,140103.75
1521,141196.0
1522,158527.0
1523,116919.85
1524,117493.51
1525,129137.66
1526,129727.83
1527,112686.86
1528,127639.0
1529,144213.37
1530,167162.0
1531,146877.89
1532,105847.33
1533,137488.92
1534,119454.0
1535,152096.13
1536,119823.17
1537,108561.5
1538,152220.55
1539,192881.47
1540,130012.6
1541,133938.34
1542,138696.57
1543,191887.57
1544,92099.43
1545,106466.8
1546,128102.5
1547,140089.25
1548,126468.81
1549,117218.75
1550,140490.66
1551,124659.96
1552,151128.22
1553,138658.06
1554,125903.13
1555,176037.82
1556,103614.39
1557,109378.0
1558,110450.77
1559,119412.85
1560,143794.65
1561,142783.5
1562,130457.5
1563,130063.33
1564,160397.21
1565,156474.15
1566,218950.5
1567,95445.93
1568,226043.23
1569,164755.82
1570,152033.57
1571,133208.61
1572,140145.25
1573,236046.25
1574,126562.99
1575,222833.9
1576,250592.58
1577,205403.14
1578,143431.03
1579,146989.69
1580,188909.17
1581,152370.9
1582,127424.93
1583,306147.27
1584,237339.2
1585,140190.0
1586,89270.65
1587,115860.5
1588,147120.87
1589,107302.69
1590,133842.25
1591,102256.58
1592,133022.41
1593,125642.6
1594,142848.17
1595,128275.2
1596,212166.44
1597,166894.8
1598,189488.7
1599,184173.06
1600,190282.99
1601,85711.65
1602,117906.82
1603,97945.12
1604,274478.0
1605,246464.73
1606,169760.2
1607,158990.86
1608,224187.0
1609,200626.12
1610,168602.1
1611,150851.0
1612,182690.75
1613,181352.71
1614,134770.12
1615,94244.5
1616,91949.0
1617,88103.0
1618,123796.5
1619,139490.5
1620,173869.53
1621,148063.22
1622,144356.5
1623,276397.74
1624,225536.77
1625,130512.0
1626,164873.05
1627,188395.78
1628,262871.9
1629,175561.0
1630,317564.76
1631,200171.96
1632,233302.12
1633,177305.2
1634,188912.72
1635,184289.67
1636,170510.12
1637,186094.68
1638,201271.2
1639,185023.0
1640,230343.29
1641,179060.38
1642,235316.64
1643,216202.95
1644,224949.2
1645,186492.82
1646,161397.0
1647,159814.5
1648,140402.63
1649,140292.0
1650,122997.12
1651,123001.58
1652,92116.0
1653,97190.42
1654,156066.75
1655,148047.5
1656,146764.0
1657,154361.75
1658,157533.59
1659,131006.0
1660,161040.79
1661,430711.7
1662,353722.24
1663,363942.03
1664,419229.13
1665,322022.65
1666,327729.97
1667,351089.18
1668,334134.99
1669,306363.23
1670,346304.0
1671,258839.44
1672,426408.67
1673,292217.46
1674,250652.26
1675,196927.92
1676,198863.0
1677,218370.13
1678,440749.65
1679,380859.45
1680,336128.14
1681,258421.19
1682,317515.44
1683,189738.97
1684,174796.09
1685,176468.09
1686,168579.25
1687,175686.09
1688,195236.25
1689,198707.99
1690,188757.72
1691,186596.75
1692,260124.74
1693,180074.37
1694,184888.5
1695,174512.31
1696,265202.36
1697,173031.26
1698,330388.81
1699,322621.5
1700,250280.9
1701,254722.27
1702,247866.13
1703,249091.49
1704,278536.28
1705,231063.22
1706,411740.41
1707,230961.07
1708,211874.82
1709,264369.36
1710,212480.22
1711,274179.19
1712,256223.06
1713,276784.62
1714,215132.9
1715,206328.86
1716,181077.39
1717,167931.36
1718,123875.94
1719,206863.05
1720,257414.55
1721,170267.57
1722,117821.77
1723,155921.24
1724,219191.12
1725,229419.65
1726,196791.75
1727,174983.5
1728,187628.6
1729,169747.32
1730,156261.46
1731,124962.32
1732,132762.41
1733,123313.17
1734,129909.75
1735,135972.84
1736,120542.58
1737,300881.47
1738,217632.31
1739,269219.55
1740,226471.95
1741,208282.3
1742,173660.36
1743,178937.05
1744,296468.43
1745,209936.23
1746,212539.15
1747,210019.44
1748,204918.42
1749,163562.32
1750,144186.0
1751,219389.21
1752,121983.75
1753,148983.22
1754,195269.9
1755,173879.66
1756,122174.95
1757,120736.19
1758,157010.82
1759,160012.0
1760,167871.82
1761,153773.8
1762,178705.0
1763,176926.9
1764,127631.08
1765,175427.87
1766,172615.74
1767,208142.31
1768,142568.79
1769,163944.55
1770,143267.06
1771,133052.5
1772,140568.25
1773,144745.75
1774,150677.62
1775,130206.5
1776,127638.43
1777,118463.63
1778,133884.93
1779,126083.61
1780,175286.65
1781,126986.08
1782,110378.29
1783,141758.68
1784,117657.75
1785,119454.1
1786,157530.05
1787,168323.7
1788,88823.46
1789,106000.3
1790,101980.29
1791,178552.72
1792,151752.0
1793,148561.15
1794,137841.03
1795,132507.82
1796,141566.26
1797,121970.51
1798,128247.08
1799,116193.91
1800,137010.38
1801,125895.5
1802,135976.35
1803,151952.58
1804,146782.1
1805,141123.0
1806,118551.42
1807,132284.14
1808,126517.75
1809,118944.19
1810,146645.25
1811,110276.0
1812,105611.84
1813,119033.04
1814,103389.17
1815,73298.77
1816,108642.43
1817,142361.61
1818,144860.74
1819,135819.0
1820,92507.5
1821,120298.09
1822,151073.5
1823,76299.33
1824,140235.75
1825,144031.14
1826,112873.34
1827,107068.31
1828,133484.0
1829,121128.46
1830,129454.54
1831,147571.49
1832,121353.53
1833,141741.41
1834,138100.02
1835,132820.21
1836,126517.69
1837,97408.9
1838,129066.14
1839,102140.0
1840,178270.0
1841,139128.11
1842,103262.04
1843,153441.5
1844,147323.14
1845,160185.4
1846,158024.37
1847,174314.74
1848,69018.0
1849,116727.09
1850,128226.83
1851,158815.11
1852,131405.31
1853,148763.75
1854,174045.6
1855,175474.81
1856,224164.75
1857,178268.61
1858,143630.78
1859,118781.69
1860,158292.97
1861,118218.83
1862,277383.23
1863,270768.34
1864,270768.34
1865,359515.08
1866,331172.01
1867,231420.08
1868,306480.71
1869,203264.71
1870,230874.11
1871,268572.65
1872,175608.26
1873,233834.56
1874,140951.9
1875,196200.68
1876,194614.68
1877,219363.16
1878,213203.33
1879,133988.59
1880,136942.75
1881,246562.89
1882,247800.96
1883,197126.77
1884,211595.0
1885,243044.47
1886,304263.59
1887,209985.86
1888,268799.74
1889,175401.61
1890,137302.08
1891,137443.0
1892,116382.5
1893,134954.62
1894,134200.2
1895,154221.5
1896,126772.16
1897,124645.84
1898,133277.87
1899,155080.0
1900,135858.66
1901,159461.62
1902,141202.84
1903,190797.83
1904,139769.2
1905,190527.85
1906,155770.62
1907,197698.59
1908,126431.43
1909,139768.57
1910,125688.6
1911,198352.37
1912,266251.58
1913,155796.79
1914,79744.29
1915,348701.18
1916,83525.91
1917,258964.18
1918,140234.0
1919,166994.57
1920,178298.64
1921,387604.3
1922,325475.25
1923,200317.45
1924,217061.33
1925,214822.8
1926,371161.79
1927,141104.5
1928,162984.84
1929,125011.87
1930,139920.25
1931,151097.2
1932,147306.37
1933,194318.55
1934,182163.5
1935,177147.0
1936,188912.2
1937,183860.5
1938,178235.21
1939,250312.58
1940,192703.9
1941,179992.02
1942,190564.67
1943,194104.5
1944,347699.6
1945,361849.49
1946,158436.5
1947,320332.48
1948,165337.98
1949,234542.87
1950,173927.7
1951,244012.34
1952,216245.8
1953,174634.0
1954,186972.5
1955,133978.43
1956,263479.47
1957,160607.13
1958,297394.77
1959,143459.1
1960,122072.0
1961,125317.52
1962,96042.0
1963,104760.0
1964,111307.83
1965,145284.25
1966,140392.06
1967,301061.71
1968,412330.26
1969,370246.67
1970,427009.75
1971,374030.68
1972,346265.5
1973,278259.97
1974,323050.33
1975,435797.17
1976,280998.7
1977,357195.24
1978,349651.05
1979,328618.93
1980,198660.37
1981,348112.16
1982,237564.13
1983,220939.77
1984,169332.0
1985,222010.17
1986,211678.73
1987,187550.94
1988,179231.43
1989,192815.15
1990,221472.03
1991,222967.57
1992,211429.07
1993,176290.88
1994,227868.95
1995,183050.35
1996,258956.4
1997,315527.61
1998,325874.66
1999,263032.15
2000,290671.22
2001,288687.45
2002,249775.36
2003,258499.06
2004,273900.0
2005,226037.53
2006,218155.68
2007,241708.49
2008,212423.06
2009,200165.39
2010,189836.35
2011,129931.0
2012,182806.19
2013,188620.24
2014,192639.45
2015,197603.68
2016,202186.5
2017,200936.34
2018,137783.0
2019,133835.16
2020,117566.91
2021,120440.5
2022,172803.4
2023,150564.93
2024,260395.7
2025,328467.27
2026,188234.66
2027,155100.49
2028,148601.68
2029,173991.38
2030,264364.61
2031,234479.57
2032,245325.14
2033,252865.38
2034,166380.6
2035,199476.18
2036,175547.35
2037,182397.98
2038,271975.65
2039,217293.21
2040,295874.59
2041,265221.87
2042,201488.54
2043,166032.44
2044,170245.53
2045,210403.4
2046,137151.3
2047,149242.0
2048,134563.61
2049,137475.78
2050,172734.37
2051,111204.01
2052,135764.18
2053,141989.59
2054,99875.72
2055,158976.9
2056,144785.76
2057,127321.24
2058,221634.3
2059,144056.75
2060,154336.5
2061,167217.5
2062,138861.75
2063,125480.5
2064,139887.5
2065,121916.8
2066,171102.4
2067,144256.66
2068,141423.52
2069,89698.2
2070,106083.01
2071,113426.65
2072,142865.29
2073,143709.32
2074,170801.5
2075,143080.77
2076,124510.7
2077,147105.75
2078,131081.25
2079,129644.33
2080,117428.88
2081,123577.91
2082,134727.37
2083,136542.81
2084,113369.13
2085,132728.05
2086,131131.05
2087,122562.27
2088,111086.07
2089,93005.51
2090,128187.0
2091,120996.41
2092,131792.2
2093,131803.93
2094,119855.95
2095,143373.67
2096,95588.61
2097,104294.54
2098,135096.0
2099,78389.6
2100,119435.2
2101,130117.31
2102,135683.08
2103,112792.8
2104,133120.2
2105,123139.59
2106,96136.24
2107,191132.47
2108,119652.34
2109,112919.51
2110,140589.94
2111,140595.25
2112,141782.0
2113,123564.33
2114,117357.83
2115,148929.18
2116,117834.3
2117,143850.74
2118,129055.5
2119,110139.02
2120,120666.0
2121,108080.98
2122,112103.86
2123,102037.2
2124,157589.04
2125,135847.26
2126,154109.45
2127,147630.31
2128,134847.39
2129,108216.97
2130,141140.53
2131,155475.8
2132,109703.27
2133,122522.44
2134,129215.34
2135,108185.47
2136,97250.08
2137,125017.37
2138,142003.3
2139,156067.37
2140,134699.5
2141,150617.76
2142,134684.5
2143,144379.58
2144,129467.98
2145,132382.75
2146,159332.83
2147,172353.57
2148,133758.76
2149,152876.99
2150,204466.5
2151,123056.65
2152,172927.7
2153,158110.0
2154,110070.61
2155,137245.22
2156,248603.25
2157,241138.86
2158,233255.3
2159,206231.67
2160,180335.87
2161,245200.86
2162,378791.37
2163,353889.33
2164,254108.05
2165,188092.29
2166,145561.0
2167,207567.03
2168,203947.28
2169,199194.96
2170,219451.66
2171,147284.34
2172,142544.04
2173,152271.7
2174,228586.27
2175,276526.0
2176,314327.95
2177,251540.53
2178,218454.93
2179,148712.0
2180,229716.0
2181,200794.34
2182,227335.48
2183,195151.92
2184,134604.55
2185,142106.8
2186,140749.71
2187,152964.35
2188,151204.5
2189,229483.16
2190,86153.14
2191,88622.64
2192,96867.5
2193,108122.0
2194,103059.25
2195,123830.17
2196,117715.73
2197,119714.88
2198,153568.85
2199,163685.84
2200,141454.6
2201,131845.84
2202,183290.0
2203,165535.86
2204,183960.2
2205,117414.5
2206,144466.5
2207,201942.11
2208,226819.47
2209,205816.2
2210,131993.34
2211,115391.04
2212,117496.0
2213,101696.04
2214,146772.7
2215,108874.8
2216,150238.25
2217,89405.06
2218,100374.55
2219,90740.19
2220,99038.04
2221,352544.63
2222,276014.14
2223,301521.0
2224,226880.9
2225,136174.07
2226,204990.95
2227,197096.83
2228,288961.85
2229,244303.62
2230,165708.65
2231,222556.71
2232,187548.44
2233,200050.51
2234,238988.96
2235,236625.61
2236,266922.61
2237,335700.61
2238,206362.0
2239,108996.5
2240,163656.0
2241,157903.73
2242,127429.71
2243,127600.9
2244,98509.26
2245,104966.2
2246,141719.59
2247,107661.5
2248,127955.0
2249,127921.75
2250,132340.5
2251,132510.32
2252,172940.24
2253,166380.03
2254,179066.7
2255,188452.75
2256,184862.12
2257,195118.96
2258,172342.7
2259,183078.85
2260,157440.33
2261,177748.67
2262,207201.21
2263,352063.36
2264,376247.02
2265,167094.95
2266,277865.04
2267,349021.66
2268,371048.88
2269,155216.34
2270,192908.75
2271,226827.1
2272,205496.37
2273,165825.5
2274,176258.22
2275,169227.33
2276,180351.72
2277,180379.5
2278,147382.5
2279,132294.25
2280,120497.34
2281,189774.36
2282,200257.36
2283,98432.0
2284,116044.87
2285,139641.56
2286,131231.0
2287,353074.12
2288,274633.52
2289,358258.39
2290,399069.05
2291,351096.22
2292,390334.29
2293,426794.48
2294,385751.71
2295,412047.28
2296,267827.83
2297,342107.23
2298,325080.76
2299,359748.82
2300,317067.84
2301,312449.81
2302,242049.77
2303,239261.56
2304,242566.62
2305,194294.71
2306,200619.68
2307,194007.59
2308,211406.22
2309,273586.33
2310,230892.72
2311,199083.8
2312,185970.48
2313,177558.04
2314,182644.4
2315,176073.07
2316,212053.44
2317,186583.67
2318,180022.95
2319,179734.99
2320,187893.25
2321,241613.6
2322,172920.08
2323,182293.33
2324,182094.79
2325,216900.06
2326,177933.92
2327,212306.25
2328,219153.2
2329,182702.4
2330,181312.75
2331,341965.0
2332,338041.83
2333,307887.09
2334,271033.25
2335,261667.1
2336,312580.45
2337,205205.55
2338,266410.91
2339,238154.02
2340,374536.51
2341,223157.45
2342,231401.7
2343,218058.36
2344,235302.65
2345,233647.28
2346,211296.49
2347,201357.51
2348,230360.67
2349,185262.37
2350,307944.63
2351,253804.46
2352,246258.3
2353,278094.99
2354,124765.66
2355,139620.71
2356,158329.6
2357,202545.33
2358,200536.9
2359,132454.62
2360,123220.3
2361,140618.82
2362,260500.8
2363,139084.0
2364,166911.52
2365,212807.46
2366,193214.61
2367,213870.74
2368,211384.16
2369,211466.69
2370,175550.65
2371,174111.03
2372,194164.5
2373,252350.62
2374,268229.87
2375,240277.67
2376,256787.4
2377,280398.57
2378,147937.53
2379,191241.0
2380,146274.84
2381,164432.17
2382,192538.87
2383,207731.37
2384,243014.76
2385,158026.0
2386,141773.5
2387,139190.33
2388,106988.21
2389,131360.86
2390,151790.0
2391,144204.18
2392,116744.4
2393,163951.3
2394,153030.0
2395,187518.0
2396,150282.75
2397,194629.36
2398,135287.5
2399,73313.11
2400,73192.87
2401,114707.12
2402,137209.5
2403,131718.1
2404,156588.09
2405,165591.5
2406,137721.0
2407,129278.33
2408,144340.37
2409,140092.5
2410,160103.5
2411,127640.75
2412,156279.0
2413,138673.08
2414,137460.25
2415,133584.0
2416,123057.25
2417,132972.25
2418,127986.08
2419,133920.14
2420,130044.96
2421,158180.5
2422,120742.08
2423,124630.82
2424,155592.58
2425,240992.75
2426,130532.02
2427,132467.81
2428,169055.6
2429,120023.0
2430,133590.0
2431,133372.25
2432,137520.75
2433,146840.0
2434,139727.84
2435,147180.1
2436,111871.27
2437,113237.53
2438,124223.07
2439,119567.84
2440,119347.75
2441,112732.93
2442,112417.3
2443,121949.05
2444,137903.0
2445,94140.19
2446,135028.0
2447,184535.18
2448,154246.75
2449,111681.25
2450,142340.32
2451,141392.26
2452,182575.58
2453,104133.5
2454,144273.66
2455,113060.74
2456,127811.59
2457,120973.27
2458,122100.83
2459,114971.78
2460,136238.5
2461,119087.94
2462,134881.5
2463,115683.75
2464,147253.73
2465,133860.06
2466,120756.01
2467,146499.38
2468,97780.28
2469,96330.89
2470,175799.42
2471,178209.75
2472,157936.96
2473,119442.68
2474,112434.43
2475,202066.87
2476,117857.54
2477,128894.66
2478,162413.19
2479,124773.25
2480,162728.21
2481,131751.51
2482,134476.29
2483,121096.5
2484,128832.43
2485,127715.99
2486,153929.0
2487,211655.73
2488,145507.82
2489,158830.65
2490,155713.37
2491,99204.81
2492,188324.0
2493,156962.7
2494,157584.0
2495,113998.93
2496,231443.2
2497,147134.57
2498,119111.84
2499,97862.0
2500,138935.8
2501,134747.04
2502,149889.41
2503,107209.39
2504,181738.4
2505,219256.52
2506,245042.02
2507,293068.38
2508,248891.49
2509,221517.12
2510,221851.89
2511,185728.06
2512,214147.76
2513,219800.0
2514,242856.81
2515,153197.52
2516,182411.34
2517,137789.92
2518,142764.5
2519,234961.43
2520,212178.1
2521,196180.1
2522,220924.89
2523,133067.59
2524,146402.64
2525,139336.92
2526,141588.0
2527,130235.59
2528,129376.0
2529,128944.85
2530,125785.28
2531,247847.11
2532,228899.0
2533,199665.94
2534,239014.73
2535,276023.35
2536,230688.39
2537,226965.77
2538,182275.97
2539,186722.92
2540,179929.63
2541,182781.78
2542,176496.68
2543,135098.74
2544,122719.09
2545,136553.82
2546,142753.78
2547,140764.16
2548,152137.54
2549,164374.32
2550,322923.96
2551,152010.76
2552,127198.3
2553,87941.5
2554,112931.95
2555,122498.67
2556,117817.17
2557,119062.47
2558,146671.79
2559,139380.47
2560,133582.71
2561,140971.0
2562,139215.29
2563,152464.55
2564,176276.03
2565,149930.56
2566,175495.54
2567,129394.33
2568,185099.0
2569,191343.14
2570,130231.97
2571,194135.22
2572,155629.12
2573,207189.5
2574,262406.79
2575,129402.96
2576,118987.9
2577,147989.68
2578,100036.94
2579,90774.98
2580,131286.47
2581,129221.75
2582,119438.86
2583,265928.3
2584,168687.18
2585,219103.23
2586,221667.68
2587,202020.92
2588,145447.74
2589,145677.3
2590,212943.78
2591,201398.5
2592,227636.73
2593,256282.88
2594,173036.51
2595,208391.19
2596,324336.2
2597,204259.09
2598,268138.49
2599,325158.49
2600,165025.78
2601,156187.84
2602,86070.5
2603,97680.26
2604,93497.0
2605,87259.84
2606,158181.46
2607,188390.37
2608,198597.48
2609,164972.72
2610,107294.09
2611,142958.27
2612,153447.09
2613,133267.0
2614,127635.09
2615,145972.25
2616,146524.2
2617,189155.99
2618,200206.9
2619,194827.74
2620,185138.0
2621,184004.4
2622,185513.0
2623,239654.1
2624,292571.15
2625,280587.55
2626,170869.12
2627,161975.23
2628,398464.76
2629,454705.46
2630,348839.11
2631,436808.74
2632,395457.93
2633,292666.51
2634,368926.8
2635,157779.81
2636,190643.4
2637,187303.64
2638,246295.02
2639,181751.5
2640,153929.0
2641,118182.08
2642,207221.32
2643,103651.0
2644,136948.0
2645,103276.8
2646,90713.0
2647,100857.0
2648,133640.83
2649,141914.66
2650,134514.5
2651,146752.32
2652,400764.59
2653,250706.25
2654,278756.17
2655,367165.94
2656,307580.66
2657,314637.99
2658,288474.42
2659,296458.41
2660,347569.36
2661,353057.18
2662,354980.22
2663,280767.09
2664,278822.22
2665,323974.92
2666,292176.87
2667,169289.7
2668,180015.27
2669,181829.14
2670,275047.39
2671,180730.25
2672,191953.43
2673,208784.18
2674,204367.45
2675,173265.2
2676,189939.53
2677,190314.67
2678,252064.13
2679,283676.98
2680,274249.13
2681,358565.37
2682,309359.43
2683,501406.49
2684,305094.39
2685,323291.57
2686,262238.92
2687,314502.35
2688,223405.68
2689,203519.23
2690,424348.0
2691,201336.2
2692,126434.27
2693,196499.34
2694,124402.09
2695,192297.04
2696,187756.4
2697,191930.5
2698,202203.65
2699,180122.68
2700,170056.19
2701,170615.48
2702,125534.19
2703,130002.99
2704,142822.08
2705,129118.41
2706,126415.08
2707,126138.76
2708,139333.0
2709,102006.0
2710,128437.66
2711,266729.48
2712,340701.91
2713,180138.97
2714,147902.72
2715,173252.03
2716,165939.84
2717,187263.22
2718,230445.09
2719,160443.36
2720,165019.5
2721,142175.5
2722,167121.87
2723,150994.0
2724,132552.0
2725,135284.0
2726,142219.0
2727,178116.5
2728,167693.17
2729,154602.5
2730,142581.0
2731,125761.49
2732,120247.83
2733,158442.32
2734,157576.9
2735,134140.0
2736,153231.9
2737,124035.41
2738,134222.28
2739,159771.0
2740,142722.3
2741,150952.0
2742,160532.12
2743,148834.0
2744,149707.0
2745,139421.75
2746,134738.33
2747,163807.5
2748,136362.79
2749,139290.76
2750,137767.25
2751,133810.25
2752,226759.59
2753,150249.02
2754,213414.85
2755,124375.58
2756,105457.3
2757,89311.73
2758,103446.77
2759,148841.98
2760,149231.37
2761,148044.87
2762,142547.0
2763,178786.0
2764,165743.21
2765,229842.23
2766,132181.5
2767,92121.0
2768,132386.05
2769,134111.71
2770,137838.0
2771,121254.58
2772,114841.34
2773,160805.7
2774,134088.0
2775,139022.8
2776,134508.03
2777,136895.79
2778,118468.87
2779,149372.81
2780,99458.61
2781,103888.94
2782,102886.26
2783,105674.31
2784,123138.72
2785,141707.89
2786,87034.55
2787,114238.91
2788,93144.93
2789,144802.87
2790,101202.72
2791,117816.48
2792,74007.94
2793,173991.37
2794,111706.53
2795,119460.41
2796,105362.87
2797,176134.18
2798,112654.24
2799,124669.9
2800,77266.51
2801,113799.73
2802,142174.19
2803,152130.2
2804,144747.76
2805,109172.5
2806,102115.4
2807,148019.78
2808,154801.37
2809,135863.08
2810,133348.5
2811,167326.21
2812,152102.9
2813,164892.82
2814,159374.93
2815,112853.33
2816,228338.0
2817,161566.96
2818,135258.09
2819,176229.74
2820,152221.0
2821,119857.04
2822,182587.4
2823,272609.38
2824,188705.5
2825,148314.24
2826,136496.25
2827,140579.46
2828,244733.89
2829,210016.3
2830,233423.48
2831,190478.8
2832,255472.46
2833,311997.63
2834,215120.83
2835,222942.72
2836,206049.71
2837,160262.69
2838,149470.22
2839,188995.15
2840,187863.92
2841,200474.55
2842,226620.78
2843,150222.79
2844,153056.08
2845,122229.5
2846,210181.94
2847,201504.4
2848,205510.79
2849,211637.02
2850,279277.6
2851,228695.17
2852,232699.19
2853,234736.63
2854,137971.0
2855,204936.37
2856,207308.46
2857,188930.75
2858,200780.52
2859,145050.25
2860,127847.5
2861,135549.64
2862,200484.01
2863,122069.33
2864,251052.45
2865,141003.0
2866,135595.0
2867,108615.0
2868,120199.89
2869,126937.75
2870,148530.5
2871,107816.0
2872,76378.94
2873,114903.77
2874,134074.51
2875,113090.24
2876,156907.5
2877,146776.93
2878,168460.49
2879,141065.32
2880,109874.54
2881,160443.87
2882,169376.09
2883,185106.93
2884,183438.51
2885,181868.48
2886,195382.99
2887,101727.44
2888,123072.0
2889,67979.0
2890,92773.64
2891,137052.3
2892,76208.29
2893,105484.93
2894,75863.43
2895,321681.79
2896,285585.0
2897,200042.6
2898,147901.14
2899,219707.31
2900,159284.0
2901,206496.38
2902,196427.93
2903,327647.92
2904,338071.34
2905,116537.77
2906,194993.52
2907,119342.39
2908,128301.75
2909,146224.3
2910,85555.0
2911,88955.0
2912,156530.5
2913,90702.5
2914,90493.0
2915,90099.0
2916,89443.0
2917,170752.8
2918,110960.59
2919,236268.03
